model name:s:Hubbard

orbitals:vecs:
dx2y2,px,py,pzu,pzd

coords:arrd:
0.0, 0.0, 0.0
0.5, 0.0, 0.0
0.0, 0.5, 0.0
0.0, 0.0, 0.5
0.0, 0.0, -0.5

t:arrd:# Hopping
0.00, 1.00, 1.00, 0.00, 0.00
1.00, 2.80, 0.50, 0.30, 0.30
1.00, 0.50, 2.80, 0.30, 0.30
0.00, 0.30, 0.30, 3.00, 0.00
0.00, 0.30, 0.30, 0.00, 3.00

U:arrd:# Intra- and Inter- band Coulomb interaction U and U'. U = U' + 2J
8.50, 0.60, 0.60, 0.00, 0.00
0.60, 4.00, 0.00, 0.00, 0.00
0.60, 0.00, 4.00, 0.00, 0.00
0.00, 0.00, 0.00, 4.00, 0.00
0.00, 0.00, 0.00, 0.00, 4.00

J:arrd:# Exchange J and pair hopping J'
0.00, 0.00, 0.00, 0.00, 0.00
0.00, 0.00, 0.00, 0.00, 0.00
0.00, 0.00, 0.00, 0.00, 0.00
0.00, 0.00, 0.00, 0.00, 0.00
0.00, 0.00, 0.00, 0.00, 0.00
